0.5580493800825582
0.5574496453271196
0.556852598194874
0.5562585536600395
0.5556676677651049
0.5550784055712713
0.5544910782519199
0.5539077402786287
0.5533276925945454
0.5527515263658028
0.5521720964956816
0.5515857601287317
0.550996956044876
0.5504091629802966
0.5498226031748332
0.5492389192481523
0.5486602808939358
0.5480838546469814
0.5475095671900843
0.5469381895559282
0.5463696917910976
0.5458027631910656
0.5452398137651542
0.5446811270920636
0.5441264981549164
0.5435732400456947
0.5430141954072938
0.5424543721714687
0.5418997389432706
0.5413506470432605
0.540807042786295
0.5402670869450141
0.5397311122353521
0.5391988192759236
0.5386680236246576
0.5381409826194478
0.537619441116431
0.537101780543286
0.5365874837360414
0.5360756391065918
0.5355659046643902
0.5350572248243396
0.5345507215384483
0.5340437162298174
0.5335387193873599
0.5330358997067925
0.5325345914742065
0.532035372161641
0.5315387421172177
0.5310439513102274
0.5305511891647146
0.5300615532042516
0.529574778066959
0.5290902037947444
0.5286087447558305
0.5281320652635302
0.5276584807529864
0.527187928942684
0.5267197892343464
0.52625246947852
0.5257889836818423
0.5253270611732714
0.5248599543633655
0.5243904127320925
0.5239164359093639
0.523446440104934
0.5229743474077915
0.5225024960293808
0.5220286725638766
0.5215677249850978
0.5211139210156086
0.5206668026041896
0.5202260071251402
0.519784625028707
0.519337686023844
0.5188892867622638
0.5184411954985861
0.5179941129525296
0.517546067940203
0.5170986134988693
0.5166507194741197
0.5162024251552598
0.5157534803082111
0.5153091789289147
0.5148695057065785
0.5144300516451356
0.5139894217996447
0.5135500499808262
0.5131126585189436
0.5126829386477658
0.5122560544091403
0.5118290999431688
0.5114050229877878
0.5109813920859753
0.5105610194575309
0.5101394253300688
0.5097171003540366
0.5092934092272572
0.5088712354939818
0.5084481774835624
0.508025649209759
0.507604078476583
0.5071840442594522
0.5067638334687656
0.5063476547877522
0.5059317293442172
0.505518437404758
0.5051024132578181
0.5046885518953976
0.5042767540676374
0.503866179564606
0.5034570000501649
0.5030492425129429
0.5026420331104696
0.5022343614924768
0.5018284645673591
0.5014245409431182
0.5010227531617748
0.5006232335567542
0.5002270459040912
0.4998366696539294
0.4994489025029112
0.4990637446080056
0.49868032685764313
0.49829897003893836
0.4979187513602148
0.49754075836616896
0.4971640316619227
0.4967888138714864
0.4964143361404384
0.496042045477128
0.495671725206987
0.49530276273213136
0.49493405127452134
0.49456493495222736
0.49419718149104275
0.49383077039011913
0.49346619304445827
0.4931030255793155
0.4927413625665321
0.49238145987345
0.4920227824819013
0.4916650327833293
0.49130851270756026
0.4909542484830942
0.4906030765064346
0.4902553220085192
0.4899079976926561
0.48956044834172635
0.48921320610648206
0.4888674479100472
0.48852338169379483
0.48818252314807137
0.48784455278516486
0.4875092110854715
0.4871794192868345
0.4868618588115636
0.48657520260173304
0.48630731862160925
0.48598571850298333
0.48565767578857877
0.48532377618921935
0.4849840992689804
0.48464312445609053
0.4843020337176731
0.4839607790748766
0.4836191410587453
0.4832775998262939
0.4829360142110126
0.48259491145060157
0.4822562473115552
0.4819201380853827
0.481585750896895
0.48125385809496696
0.48092295790327033
0.4805924024360709
0.48026467246222115
0.47993830279012745
0.47961099983628214
0.4792788288253433
0.47894200835747996
0.47860769787740337
0.4782782122115057
0.4779507614245765
0.47762467918238455
0.4773001025467372
0.47697579241876076
0.4766529813549872
0.4763311491200533
0.4760105971670019
0.4756926485001974
0.47537516871128954
0.4750513157942855
0.47472719723084267
0.47440367052688315
0.4740837889598828
0.4737634449742261
0.47344208083234296
0.4731188795104146
0.4727942267816418
0.47247093248694344
0.4721463339318491
0.4718190868179062
0.471494288160665
0.47117474742499005
0.47086064785185056
0.4705496174520458
0.470240085848673
0.4699332756563222
0.4696280759368503
0.46932520259317784
0.46902192935327414
0.46871961509106314
0.46841912488476173
0.4681201246132677
0.46782401859518535
0.46753008094116366
0.4672377088340944
0.46694143227779583
0.46664537669551054
0.4663496636980729
0.4660586672547555
0.4657728903427042
0.4654941582996037
0.46523396790098126
0.46496962303477885
0.46469829994773826
0.4644193753504428
0.4641411038406895
0.46386474509626535
0.46358781536086663
0.46330839657082434
0.46303059159869975
0.4627548073145211
0.46247966513339867
0.462200692877066
0.4619215159152759
0.46164493840280124
0.46136933069469666
0.4610942100393391
0.4608204408492952
0.46054844745594725
0.4602777070595424
0.46000705996999175
0.45973666371553534
0.45946815882235725
0.4592022197610653
0.45893769173951315
0.4586754134164073
0.4584130132071415
0.4581510067412503
0.45788728455757305
0.45762220926334346
0.45735738578547547
0.4570946827918667
0.4568342823189368
0.45657500933138917
0.45631693169028037
0.45606042069994474
0.45580467407487973
0.4555503757844279
0.4552969102566846
0.455044626420739
0.45479484331055825
0.45454805337795806
0.45430401860307795
0.4540638605929297
0.45382425675454874
0.45358355706469494
0.4533445004746486
0.45310619971477784
0.4528672553442751
0.4526289366991496
0.45239012200282924
0.4521516132377904
0.45191303426471174
0.45167397836885537
0.4514358604235349
0.4511987763814168
0.45096354907334063
0.4507289588839192
0.4504952855398119
0.45026182978102997
0.450029412996311
0.4497979854104714
0.4495670530380981
0.44933749349144003
0.44910873460770995
0.4488795601257928
0.44865139071930765
0.4484223895893005
0.4481936726499216
0.447965348046231
0.44773522990244957
0.4475046467873737
0.4472760136871724
0.44704896572065705
0.44682464658636506
0.44660318015649436
0.4463845484945864
0.4461687057354177
0.4459552333714149
0.4461687057354177
0.4459552333714149
0.445745332824648
0.44553837154199943
0.4453310720318674
0.4451234781591674
0.44491900155868896
0.4447153228175175
0.4445122531671858
0.4443091879094732
0.4441063735808685
0.44390440844637336
0.4437024933984818
0.443500847661882
0.44330021465946795
0.443098350007082
0.4428925397426038
0.4426953058669687
0.442501984312526
0.4423145327050576
0.4421516797736576
0.44201197523376917
0.44185789878832266
0.4416851037303208
0.44151310849667885
0.4413384856583165
0.4411642943366644
0.44099028941215346
0.4408158865606613
0.44063968650758295
0.44046166750219234
0.4402814138841863
0.44009650519949567
0.43990326552673226
0.43970351333470964
0.43951008874971675
0.4393231309606195
0.43913783100376985
0.4389547154982249
0.4387733324314625
0.43859390934669873
0.4384157624567425
0.43823920264034294
0.438062589274784
0.4378882232464182
0.4377192088561036
0.4375527172780429
0.43738763311767886
0.4372250988908236
0.4370623657554589
0.43689887375042424
0.43673495979708504
0.43657183847774145
0.43641074491667287
0.43624967729581293
0.4360879720518145
0.4359254513167553
0.43576362252373074
0.435600682417348
0.4354375597398431
0.4352734513243357
0.4351073982325853
0.4349433630990278
0.4347814285784369
0.4346191699038679
0.4344555329541504
0.43429048301391016
0.4341264662600184
0.43396211290037834
0.433795599160282
0.43362368361914466
0.43345069914465284
0.4332779568862195
0.4331094108978576
0.43294701490462256
0.43278793235481083
0.43262814292151175
0.4324660675768892
0.4323015953454014
0.4321343346115717
0.43196637435250046
0.4317982879615464
0.43163119588817844
0.4314652379600515
0.4313007175222328
0.4311306899562042
0.4309625831634518
0.43079851451151513
0.43063650967376144
0.4304734918097082
0.4303102465787145
0.43014650472572874
0.4299823662904924
0.42981989279560623
0.4296592320162348
0.429500713931844
0.429343473826841
0.4291866601786
0.4290304310903551
0.42887350987456657
0.4287180098091807
0.42856344533895335
0.42840966117182605
0.4282563694867332
0.42810283739618377
0.42794980851613545
0.4277975077549043
0.4276453804991948
0.427492353972845
0.42733913411165125
0.4271871410998582
0.4270355775104538
0.42688540202901676
0.42673562143926363
0.4265856320376719
0.4264362244873084
0.4262869438394038
0.4261375485225646
0.4259876081751053
0.42584259166252564
0.4256995125644752
0.42555723113770444
0.4254132985586906
0.4252699302705009
0.42512658566367445
0.4249830087416005
0.42483843953078826
0.42469053412525304
0.42454473365143564
0.4244002481740356
0.4242572120133554
0.4241177273218349
0.4239777469274736
0.4238372284989534
0.4236966856957194
0.4235561906707185
0.4234160587246983
0.4232769778905728
0.4231388638129289
0.4230015214319404
0.42286393664938443
0.4227254886873513
0.4225887269782236
0.42245205481372583
0.42231616227912333
0.42217961956804373
0.4220413157263953
0.4219031930330733
0.42176453180110846
0.4216259828827009
0.4214874481444036
0.42134852771516745
0.4212092622105618
0.42107009891556585
0.4209287140716527
0.4207877415564346
0.4206471285082269
0.4205071067176474
0.42036737083008746
0.42022875254892345
0.42009125151488896
0.41995429096860143
0.4198168122191561
0.4196783235038909
0.41954092115731245
0.4194039723753204
0.4192676052145589
0.4191309313519399
0.41899261772447927
0.4188548064160691
0.4187177992717553
0.4185826200790411
0.4184486496758762
0.41831459143963307
0.41818075456269127
0.41804652185560803
0.4179124277926152
0.4177784087256423
0.4176445558630249
0.4175106201618037
0.41737678854458904
0.4172436163289394
0.4171093917019924
0.4169732652027068
0.4168372809586425
0.41670080578796576
0.4165644277963299
0.4164280559382443
0.4162915190744771
0.41615500810055406
0.4160182553000577
0.4158808958346092
0.4157425016953823
0.4156069269940197
0.4154712821341423
0.4153330978115247
0.41519318286912055
0.4150584771517377
0.4149281606648945
0.41479967991683386
0.41467214428533056
0.4145457483022237
0.41441940654735676
0.4142933783967949
0.4141682932231409
0.4140429591164899
0.4139176443506262
0.4137942497125345
0.4136708586990041
0.4135477549357423
0.4134243860708171
0.4133008101232326
0.41317805291605514
0.4130557705230638
0.41293398290620753
0.41281307083162144
0.41269232651513404
0.4125716561395314
0.41245091189187544
0.4123299226597952
0.4122094012487977
0.41208880890870936
0.41196882403436785
0.41185048311938705
0.41173202996219854
0.41161398799966564
0.41149588971708934
0.41137720098019775
0.4112580733272193
0.41113973659920283
0.41102330158571637
0.41090748302970936
0.41079149778416935
0.4106750104059274
0.41055888206491925
0.41044369254407315
0.41033095452445967
0.410220037543086
0.4101107335628865
0.4100016242043426
0.40989579649750396
0.4097981971359941
0.40970584792985254
0.40961735835026086
0.40953133893612675
0.40944431626975347
0.4093633339945571
0.4092833445352469
0.40920129985560727
0.4091204882336259
0.409037142898006
0.40896024733677727
0.4088825154109426
0.4087977088457322
0.40870742963181256
0.40861274593028335
0.4085153293195288
0.40842026299761325
0.4083269271250846
0.40823269029470677
0.40814035217378014
0.40804773935592353
0.407955576554478
0.40786366558618214
0.407772803158676
0.40768308471006925
0.4075908705125445
0.40749716077548875
0.4074049083908005
0.40731193329979437
0.4072157579342784
0.4071167923271683
0.407016510697885
0.4069156343291114
0.4068149385983045
0.4067135573234266
0.40661197862914816
0.40651155234142006
0.4064111509614294
0.40631136695303294
0.4062120942722078
0.4061133210673599
0.40601382135955427
0.4059148989332426
0.4058146766643365
0.4057138269820048
0.40561397747296557
0.40551397439181375
0.40541383640529227
0.4053134241935878
0.4052119674568189
0.40511021015258214
0.4050090567608804
0.4049077258101585
0.40480689314849183
0.40470638695421013
0.4046053749162061
0.40450476904312815
0.40440424038630285
0.4043041669896671
0.40420414119918585
0.4041042352164917
0.404004216958853
0.40390416489323955
0.40380478541208525
0.4037049650413972
0.40360479740952254
0.40350380080738224
0.4034019852180492
0.4033002202256796
0.4031982640364367
0.403096419558896
0.4029949935016303
0.40289367935836395
0.40279193125990875
0.4026903143558028
0.40258910090365807
0.40248853824579434
0.40238834552319136
0.40228903189858856
0.40218997021625846
0.4020907794389372
0.4019916431383205
0.4018928274989074
0.4017945442100254
0.40169654455020815
0.4015987066232229
0.40150110221099833
0.4014038011849719
0.40130678291754474
0.40121007078117804
0.4011138959352553
0.40101828619606084
0.4009235531398913
0.4008291934294951
0.40073477400952817
0.400640645194102
0.4005466335205048
0.4004526074090993
0.4003593936972169
0.400267517206743
0.40017491052495485
0.40008238678082064
0.3999892956845432
0.39989688155443187
0.3998043317643236
0.39971237503824847
0.39962011638066824
0.3995282568470644
0.3994360009889081
0.39934359558695554
0.3992510970342785
0.3991584668306146
0.39906533573069597
0.3989715990226392
0.39887740009318684
0.39878299916788446
0.3986885888303062
0.3985949138145006
0.39850204851966875
0.39840901976282556
0.3983165731014782
0.39822432190706974
0.3981321718276836
0.3980405591671708
0.39795093394567455
0.3978619282480133
0.3977732841284721
0.39768436456660716
0.3975954307616764
0.39750629047845976
0.39741714081066776
0.39732864051520045
0.3972439710394978
0.39716115592315343
0.3970812089512911
0.3970035994194579
0.39692728760651824
0.3968393125509614
0.39675228768114357
0.3966663921291345
0.39658039636950254
0.39649510122298415
0.396409284925309
0.39632377558131376
0.39623928176757045
0.3961556421726297
0.3960746445648167
0.3959944025093355
0.3959174232029429
0.3958442933755033
0.3957653931019313
0.3956849942006483
0.3956040496702477
0.3955227494854253
0.39544135004654696
0.3953601832779854
0.3952790662191335
0.39519822586759246
0.3951173721610788
0.3950369021619841
0.3949574261338002
0.39487809855146766
0.39479846171715766
0.39471812557669145
0.39463748525342945
0.3945579811092928
0.39447897305580315
0.3943996237076352
0.39431983581775615
0.3942402454446489
0.3941622641568801
0.39408410653562603
0.3940070485985792
0.39393437679969495
0.39390752922177796
0.393947485418014
0.3938264118078567
0.39371933657617225
0.39362573417918456
0.39353436826585164
0.3934462847454207
0.39335966364486014
0.3932740325976957
0.3931895210900826
0.39310571504735825
0.3930220685079996
0.39293875532084593
0.39285577710595365
0.3927727465195906
0.3926900423284236
0.3926067322009101
0.3925232866618643
0.39243989419435504
0.39235636452317857
0.3922724586866591
0.392187975855723
0.3921035419101984
0.39201932875905393
0.39193520493597234
0.39185099863607153
0.39176706086849244
0.3916832619011335
0.39159972654884734
0.39151630496145395
0.39143299897054046
0.39134990570814077
0.39126657029515644
0.3911833864556556
0.39110033422097423
0.3910173221150058
0.3909343634339645
0.3908518478895507
0.390769434982005
0.3906874589558226
0.3906053660295605
0.390522480562477
0.39043965190145385
0.3903571100978566
0.3902749618538036
0.39019314860971244
0.39011171603354583
0.3900305072476046
0.38994997194344905
0.3898697508236292
0.38978960830676307
0.38970980438252273
0.38963018813803824
0.3895509150466802
0.38947178841009905
0.38939289429442014
0.3893143526870638
0.3892360074926586
0.38915738271009603
0.38907846405769775
0.3889993116143737
0.38891951599774893
0.3888390088943263
0.38875769103242236
0.38867612658030765
0.3885957613426213
0.3885162761514656
0.38843732923789703
0.38835940920169043
0.38828260292991185
0.38820685229695234
0.3881321748145304
0.3880578134949275
0.3879836482852496
0.3879098174510143
0.38783607905064954
0.3877623749148972
0.38768878521976063
0.38761521693455064
0.38754157086732743
0.3874677770887344
0.3873937369096368
0.38731995362111876
0.3872462117766652
0.3871727310433319
0.38709921984622314
0.38702609995149206
0.386952906879737
0.38687976793297485
0.38680705224231404
0.386734719294593
0.38666286190645205
0.3865913277413862
0.38651946072775994
0.3864479060400212
0.38637654149234163
0.3863055180076639
0.3862349704065775
0.38616499940874394
0.38609545650451693
0.3860265519898074
0.3859576609249236
0.3858885280343059
0.38581942686237775
0.3857503996472831
0.3856814592806417
0.385612680934749
0.3855438615435104
0.38547572710456046
0.3854086106645599
0.38534230625977944
0.3852764884276049
0.3852109567779727
0.38514594440593974
0.3850810047786359
0.3850162839344919
0.3849545296125446
0.3848933414591761
0.38483256568318824
0.3847719922455287
0.3847118601355737
0.3846522216903782
0.3845935372569409
0.38453515403059996
0.38447661906289404
0.38441821362247414
0.38435998555472595
0.38430171954995773
0.3842433512852153
0.3841848013122617
0.38412601793115203
0.3840668537452945
0.38400699781550246
0.38394751451546916
0.3838878965904284
0.38382780910253445
0.38376837365544153
0.3837089517404363
0.38364996683690233
0.38359153937882484
0.3835327720463464
0.38347424371415645
0.38341576724391685
0.3833572422357804
0.3832982651093566
0.3832395987634712
0.38318091284680095
0.38312278781967585
0.38306517246229227
0.3830078892710309
0.38295066950959417
0.3828936076037663
0.3828365862144576
0.3827800567649261
0.382724152762928
0.3826688609189644
0.3826140223567069
0.38255935046719425
0.38250493810651887
0.382450942092782
0.3823971647866584
0.38234331362107254
0.38228994958797735
0.38223678476306006
0.3821837559053628
0.3821306996729096
0.3820778354884886
0.38202491868665056
0.3819726986433671
0.38192125434100416
0.38187124480087514
0.38182162937262054
0.38177239628606896
0.3817231913591194
0.3816748205253392
0.3816270068734414
0.3815794263266735
0.3815322802345419
0.38148554749686125
0.381439053297795
0.3813923226888516
0.3813454311428346
0.3812984662409998
0.3812513983917161
0.3812040569409292
0.3811564233419311
0.38110811785266385
0.38105930737922755
0.3810100814897555
0.38096096252904194
0.3809121659721419
0.38086343046030974
0.38081440352131757
0.38076542564737015
0.3807166076285002
0.380668252177701
0.3806199254799649
0.38057152761558577
0.38052348936091623
0.3804755878113059
0.3804273474483057
0.38037879867609314
0.38033077431361706
0.3802829758449214
0.38023508645412807
0.38018678070548395
0.38013809552872
0.38008901794827593
0.3800398834862248
0.37999075627665413
0.37994192802372845
0.3798934242647408
0.3798445570649879
0.3797961013729895
0.3797479798994646
0.3796993466837012
0.37965068657164397
0.3796017307564851
0.3795532858827701
0.3795049854861879
0.37945635720194326
0.37940789328710944
0.37935958018441657
0.3793113127463288
0.3792632076412493
0.3792147727136732
0.37916601998223654
0.37911753326154146
0.3790689960849035
0.3790204317064275
0.37897164892588264
0.3789222053948449
0.3788726852401762
0.3788229276649839
0.3787731983115097
0.3787227979029767
0.378672090512224
0.3786207598874554
0.37856978587151485
0.37852003661820804
0.3784708390537013
0.37842162951420777
0.3783722517776054
0.37832276253663455
0.37827303601532114
0.3782237581497393
0.37817485699931236
0.37812625563150726
0.3780780215531507
0.3780299592947855
0.3779819823462397
0.3779341968203676
0.3778866271657509
0.37783971776805547
0.3777931870967351
0.37774662229762573
0.3776991328509099
0.37765188025476
0.3776044548145416
0.3775570960509758
0.3775099336642666
0.3774626767846205
0.37741503052819736
0.3773678799527905
0.3773209356248325
0.3772739351774495
0.3772272268807958
0.377181052613488
0.3771347381340767
0.37708851392706166
0.3770423694587186
0.3769965304826471
0.3769512319649432
0.37690602258727485
0.37686076972074556
0.3768151444267547
0.3767699547474612
0.37672480193326446
0.3766801666481812
0.3766352591264713
0.37658992766454286
0.3765445156446807
0.37649905494841945
0.37645355269561326
0.37640801121897527
0.3763623025071895
0.37631679500724724
0.37627160824405526
0.37622632796919364
0.3761812166981114
0.37613632676030884
0.3760914077630595
0.3760468956400355
0.3760028266805002
0.37595925441850353
0.3759159506661645
0.3758730767265385
0.3758304069736161
0.3757880315043573
0.37574619961186484
0.37570494508732544
0.37566409820087215
0.37562328476816376
0.37558258168395975
0.3755417584083595
0.3755008653704448
0.37545979869522156
0.375418784609715
0.3753779772887323
0.37533756215234443
0.375297297361387
0.37525691989173005
0.3752166539297992
0.3751763054633487
0.3751355178197556
0.375094711209751
0.3750537653487644
0.375012825141187
0.3749718227889179
0.3749306163716593
0.37488889215919496
0.37484748800859735
0.37480613206517005
0.37476496359332556
0.3747241243228162
0.3746833585357145
0.37464243035684597
0.3746014467435089
0.3745604334529212
0.374519569731312
0.37447897372444156
0.3744380592606515
0.37439698294735185
0.37435621571814814
0.3743155551919023
0.3742748243803911
0.3742342935300064
0.3741937815671289
0.37415330516658774
0.3741129552874145
0.37407266977652337
0.37403249420534523
0.373992402523709
0.37395242032514814
0.3739126240511422
0.37387322963674147
0.3738340582730481
0.37379486617682994
0.37375560652342077
0.37371623458499414
0.3736768365804477
0.3736374860955969
0.37359808275325845
0.37355872932376627
0.37351928883345076
0.3734798356068059
0.3734406346388903
0.3734016982152716
0.37336296358184806
0.37332384794809464
0.3732844491419141
0.37324491856974784
0.37320553729123446
0.3731658531343644
0.37312634841762665
0.37308679624918534
0.3730475515028132
0.37300869681985327
0.37296988513218277
0.37293111760993564
0.37289204913577206
0.372853176321611
0.37281444472432435
0.37277540506785817
0.3727360059888702
0.37269706696644594
0.37265864283403816
0.3726208006846456
0.3725830852723487
0.3725455202323432
0.37250815328494313
0.37247109016778773
0.3724343832204502
0.37239805585232577
0.3723618885978163
0.37232575510427485
0.3722900240209899
0.3722546004579848
0.3722188038220138
0.37218250868797514
0.37214570194012736
0.3721081172848484
0.3720692829785045
0.3720306924906479
0.3719943110520921
0.37195916255115924
0.3719240519746554
0.3718891388385373
0.3718543790697165
0.37181974819275027
0.3717847435595405
0.3717498824851518
0.37171475395036474
0.37167960772926256
0.37164428754516177
0.37160884701941077
0.3715729615892401
0.3715368983952338
0.3715011596187795
0.37146507272914003
0.371428750759245
0.37139252181500265
0.3713571743963269
0.37132282693101887
0.3712899187557087
0.371257162916064
0.3712242393544151
0.3711919331685575
0.3711599981821083
0.3711282444203717
0.3710965750148875
0.37106481348527426
0.37103296990022433
0.3710012799947312
0.37096983593825206
0.37093840794719224
0.3709069448118209
0.3708753333942828
0.37084391049422916
0.37081275134942937
0.3707817638642942
0.37075096792270734
0.3707202023886557
0.37068951384673493
0.3706591425999939
0.370628884202352
0.37059874213063515
0.3705686101754569
0.37053829148233797
0.3705081317327
0.3704778796071107
0.37044771056607156
0.3704177412276214
0.37038822374640284
0.3703589735568617
0.37032994158639865
0.3703013084528346
0.3702732471034851
0.37024511179310504
0.370216723351012
0.37018835107254894
0.3701599692340744
0.37013093907001615
0.37010180891742034
0.3700728851633668
0.37004403880687786
0.3700157103135866
0.36998741315033934
0.36995872980593936
0.3699301112041972
0.36990177574130584
0.3698737534504248
0.3698458188045946
0.36981820962137874
0.3697909721789891
0.3697637074986668
0.36973663128126766
0.36970974022624137
0.3696830106606189
0.3696563581433676
0.3696297002723755
0.3696026275099774
0.36957554582215985
0.3695482917947576
0.36952098843957615
0.36949380078244287
0.36946644919658767
0.3694391516828427
0.3694117391400573
0.3693843319594068
0.36935696383806405
0.3693296207151149
0.369302194615899
0.3692748237026871
0.3692475012828835
0.3692201595155773
0.36919273870378905
0.3691654367428634
0.36913816035448593
0.3691108230058206
0.3690834336575421
0.36905600154565066
0.3690285782685227
0.3690010553436566
0.3689734157512268
0.36894586448796485
0.36891838770616614
0.3688907840219085
0.3688631932594893
0.36883539541189253
0.36880729604493984
0.3687788698194383
0.36875039235818435
0.36872163493691557
0.3686928565145116
0.36866405169694016
0.3686350308175678
0.3686058197687571
0.36857662040197997
0.3685472206904672
0.3685181153398435
0.3684890371969338
0.3684600200537641
0.3684311034615349
0.36840210628954745
0.3683730348123723
0.3683437568535537
0.3683143606809828
0.3682850685093171
0.3682561657563987
0.3682272348153384
0.36819827446731673
0.3681693133310914
0.36814042653111173
0.3681116075359483
0.36808272216631893
0.36805400020749707
0.3680256151096033
0.3679971610493505
0.3679687405368561
0.36794035033116795
0.36791217015613814
0.36788416309378713
0.367856407945169
0.3678290720050294
0.3678020294075777
0.36777512417915653
0.36774840842346557
0.3677218018889548
0.36769509609283335
0.36766846666516295
0.3676418320927643
0.3676150627568559
0.36758801968178134
0.367560826618864
0.3675334472217609
0.3675060530880205
0.367478812737084
0.3674514318483539
0.3674241791052451
0.36739671181966294
0.36736846804273
0.36733981484732764
0.36731102416957484
0.36728171823750266
0.3672514371305315
0.36722079610662745
0.36718964327417175
0.3671582745268115
0.36712660799126146
0.3670947507616433
0.36706320728070835
0.3670319021931703
0.3670009004750422
0.36696993539369205
0.36693886102484846
0.36690802760203983
0.3668770350510806
0.36684572133275506
0.3668150298453535
0.3667853083251671
0.3667566967307984
0.3667288124704009
0.3667009897175849
0.3666733542860978
0.3666458268603289
0.3666182885440876
0.3665905288693845
0.36656270138566804
0.3665341959159054
0.3665054015842119
0.3664762451187105
0.3664470556359562
0.3664179326225208
0.36638899278625975
0.36636025913197373
0.36633163831839294
0.36630306911661903
0.3662746519281782
0.36624600738203034
0.3662174742361644
0.3661890353188221
0.36616089714942024
0.3661330241924836
0.3661054059730464
0.36607802836052356
0.3660508697191879
0.36602422595359874
0.36599776795139827
0.3659713291976502
0.365945156887778
0.3659193518488874
0.3658932800748465
0.3658671342533161
0.36584272644255494
0.3658184700844026
0.36579434149581713
0.3657703656357398
0.36574636083709033
0.3657223873407844
0.36569857321353905
0.36567482900305903
0.3656512567284087
0.3656277810191923
0.3656048313221412
0.36558193243442355
0.3655591235513312
0.36553611102379246
0.3655127831938273
0.3654897067487683
0.36546667687487444
0.3654440148049859
0.3654219955583651
0.3653996973556608
0.365378204250474
0.3653573414068224
0.36533690941507024
0.3653172295080576
0.36529825425086904
0.3652795999075457
0.36526328358512145
0.3652477022990712
0.36523217070006664
0.3652153826776578
0.3651980578701283
0.3651793153898613
0.3651592911788946
0.3651380088866939
0.36511621816287765
0.36509366550387534
0.36507015486859345
0.3650459564102494
0.365021919202078
0.3649974765701773
0.3649727631084967
0.3649478315922619
0.36492284279738046
0.3648978306577382
0.3648728510014857
0.36484809806247237
0.3648237834158662
0.36480006332575954
0.3647767252214471
0.36475319587493354
0.3647293989891174
0.3647055369493337
0.3646816477429671
0.3646578074119391
0.36463389756202486
0.3646100784470203
0.3645859084034581
0.36456169244598674
0.36453808087195805
0.36451468465798553
0.3644912363755684
0.36446779715287597
0.3644445518400216
0.36442133782699254
0.36439801539441735
0.3643744766985836
0.3643510949417257
0.36432767616699896
0.3643036307359921
0.36427954663684126
0.36425569544304137
0.3642320364534036
0.36420821640245976
0.36418411945953544
0.3641599867184012
0.3641357581001472
0.36411154467852574
0.36408754903697227
0.364063269997191
0.36403889732822314
0.3640145479377028
0.36399010107518853
0.3639657057724379
0.36394139451535906
0.3639169545133219
0.3638921668690072
0.36386730673094625
0.36384249049641354
0.3638175545128523
0.36379302384641565
0.3637686275842223
0.3637442635821364
0.36372012203226034
0.36369602578100774
0.3636720678708195
0.3636480023712591
0.36362386255308066
0.36359966454969544
0.36357539785256143
0.36355120417548226
0.3635265224106667
0.36350185322101425
0.3634771705790179
0.36345257987228397
0.3634279613249229
0.3634033539970819
0.3633787349410399
0.36335416966835193
0.3633296991773571
0.36330538424367353
0.3632810317532215
0.36325695632095273
0.3632331008915028
0.3632094943220213
0.36318596771029726
0.3631626867897785
0.36313972982765585
0.3631171155435551
0.3630948081896307
0.36307264732154115
0.36305079118186234
0.3630291353734886
0.36300762096246175
0.362986193972364
0.362964840673847
0.3629434447418252
0.36292224241493654
0.36290141033053186
0.3628806365018441
0.3628598182970417
0.36283903109155674
0.36281829804464094
0.3627977269420878
0.3627772635329933
0.3627568399017394
0.3627364825861929
0.3627161462281324
0.36269599278199344
0.3626756868524533
0.36265548121531627
0.36263524617793297
0.36261513419768304
0.3625951522668306
0.36257550680826056
0.3625559413175209
0.3625363806542135
0.36251665417267803
0.36249717655698693
0.3624779004318226
0.3624586151369712
0.36243942819800984
0.36242005163774316
0.3624002257594524
0.36238012499704375
0.36236049676983006
0.3623409896296604
0.36232166294278784
0.3623027657597263
0.36228407313522587
0.3622654743489246
0.36224734218083504
0.36222954709108024
0.36221181287011783
0.3621941002017813
0.3621762566051877
0.36215845408667685
0.36214047729206844
0.36212218054303746
0.3621033652022031
0.36208426473480104
0.36206472266604767
0.3620448590362459
0.3620250061634507
0.36200515931004634
0.3619854914905011
0.36196561838043145
0.3619454880398222
0.3619250278330671
0.36190390029402536
0.3618821703416302
0.3618614433661486
0.361840972561035
0.36182028032946745
0.36180042646868965
0.36178063828483015
0.36176065681649117
0.3617407383179815
0.36172131108520483
0.3617026167869259
0.3616844079255346
0.3616662094308254
0.36164727530124463
0.36162654321712917
0.3616055690185236
0.3615837462864222
0.3615619976706417
0.3615404454736881
0.36151882407178665
0.36149703260845245
0.36147507915374877
0.36145310269760195
0.361430989231691
0.3614084960640135
0.36138584318731537
0.36136307426421505
0.3613404859261988
0.361317769248658
0.36129503260832907
0.36127212698016953
0.3612491765973226
0.3612264273902246
0.36120512133523813
0.36118425706375445
0.3611635716095627
0.36114317075143315
0.36112272613583224
0.36110236226115583
0.3610821209794205
0.36106200092574964
0.3610418979716481
0.36102184796988723
0.3610016928701156
0.36098172410285084
0.3609618853732319
0.36094206836999615
0.3609223336605888
0.3609026124765538
0.36088288410047575
0.360863218929261
0.3608435763297128
0.3608239449547212
0.3608047975745151
0.360785870794786
0.36076677681348546
0.3607476691095517
0.3607285982707147
0.3607096138035475
0.36069080136034765
0.3606720653233723
0.3606533079167619
0.36063464763211256
0.3606161166472699
0.3605974155934397
0.3605785263175965
0.3605596052861297
0.36054073810097254
0.360521772081463
0.3605027972145989
0.3604838354651551
0.36046487595357163
0.36044593047100504
0.36042696909090055
0.36040811339471324
0.360389357669436
0.36037074615435993
0.36035218094603577
0.3603336049899385
0.36031502925796305
0.3602963828856529
0.360277714225396
0.3602593854789921
0.36024122476937026
0.3602231715525886
0.3602050726325891
0.3601869245107215
0.3601690145715594
0.36015121285552215
0.3601334685062693
0.36011585562165493
0.3600982293896226
0.3600805702561755
0.3600627210162456
0.36004477239718785
0.36002681595653147
0.3600087352936442
0.3599906971081319
0.35997287635685166
0.35995510318234675
0.3599369955081669
0.3599186802737049
0.3599004567503835
0.35988234662261565
0.3598641110076298
0.3598457090640562
0.3598274319496051
0.35980963899698165
0.35979221697347746
0.3597749730781117
0.3597576624364225
0.3597402369352532
0.35972277636951616
0.35970531770923403
0.35968763051103797
0.3596699110594498
0.35965220469506326
0.35963449194866187
0.359616972680643
0.35959953238995374
0.3595821119487326
0.3595648056652469
0.35954755270512
0.3595302890433874
0.35951319900385403
0.3594963381301113
0.3594795288245264
0.35946286196554766
0.35944620109658054
0.3594295452220878
0.3594128797909412
0.35939631753388346
0.35937977515231545
0.35936321256621
0.35934688048642893
0.35933070261251315
0.359314698932433
0.3592986839002065
0.35928273984239867
0.35926672307091984
0.3592508014462764
0.35923488313645296
0.35921881084152846
0.3592027271180714
0.35918674730066646
0.35917078314828355
0.3591549216705421
0.3591389958664889
0.3591230179167656
0.35910701909181825
0.3590911659619839
0.35907539049496706
0.35905962076613956
0.3590437401037406
0.359027831896186
0.3590123607353578
0.35899722539878953
0.3589822118308642
0.3589670921845001
0.3589518632623944
0.3589365659134715
0.35892149170087556
0.3589066765982525
0.3588919691781758
0.3588772482033475
0.3588623264414158
0.358846895776961
0.35883130957953774
0.3588158514773714
0.35880064943141365
0.3587855850600307
0.35877088414788005
0.3587564521189233
0.35874213142477485
0.3587276444784246
0.3587131898064517
0.3586988488171097
0.35868497188158965
0.35867096917681085
0.35865686627196375
0.3586427156484815
0.35862857701845297
0.35861466938915987
0.3586007462576898
0.35858676156155855
0.3585726592711577
0.3585582825549555
0.35854390902010747
0.3585288834117215
0.3585137387904674
0.35849877066386476
0.35848371872242746
0.35846882389875995
0.3584539733865727
0.3584392138300594
0.3584246202521009
0.3584101640775887
0.35839579395745025
0.35838137503919865
0.3583669922414893
0.35835250781168265
0.35833810441071734
0.35832362629661235
0.35830902842088774
0.3582944539360914
0.3582800384803955
0.3582656872830194
0.3582514211318887
0.3582371067265808
0.35822287641395156
0.3582085356411766
0.35819442811371266
0.3581807212723623
0.35816750168185907
0.3581549247778002
0.3581427119692444
0.3581307401084024
0.35811876416636135
0.35810679885457636
0.35809459386090403
0.35808221724030403
0.3580694377847073
0.35805726310287767
0.3580465206205711
0.3580357321211082
0.3580247848082725
0.3580135705025884
0.3580020902314907
0.35799059156897556
0.35797891654611413
0.3579671661385871
0.3579554001533365
0.357943487777104
0.3579315440649517
0.35791939927693983
0.3579073698335856
0.35789517650431935
0.35788269100501735
0.3578700275504949
0.35785716250387734
0.3578442944244806
0.35783138675275233
0.35781839033718876
0.3578055523841257
0.3577929213063883
0.35778029801247624
0.35776775461252663
0.35775505189723855
0.3577422826631064
0.3577297053729201
0.35771715569588153
0.3577046576306499
0.357692141994102
0.3576795728109129
0.3576668003375074
0.3576541667163654
0.3576416617092341
0.35762917582044706
0.3576163827572161
0.35760344132619865
0.35759054688353187
0.35757779775824483
0.35756525984466236
0.35755268417453245
0.35754010061900887
0.35752746025658555
0.35751454892336193
0.35750162784293893
0.3574889688977133
0.35747645891709284
0.3574642272235481
0.35745197427117004
0.3574397812675938
0.3574275697223463
0.3574152924749982
0.3574032777850695
0.3573914560967399
0.3573796214580321
0.35736788488310056
0.3573559064530558
0.357343831562503
0.3573316121108766
0.35731930224835173
0.35730710717731495
0.35729485270141237
0.3572824980380327
0.3572700268229274
0.357257616594971
0.3572454069459449
0.35723352231632594
0.3572217828806938
0.3572105321791417
0.35719991349852287
0.3571891746609235
0.3571783345790329
0.3571674735723932
0.3571564973344159
0.357145457476908
0.3571343270792328
0.357123270055003
0.35711209263540084
0.35710094738021364
0.3570897110350474
0.3570786504651604
0.35706753233542526
0.3570563639428109
0.35704487344940916
0.35703332955542316
0.35702166917434597
0.3570099752816049
0.35699813223035554
0.3569859413538378
0.3569734140931754
0.356960832136723
0.3569481811902111
0.3569356215913764
0.35692295628260284
0.35690989432526554
0.35689694777805964
0.3568843152590596
0.35687142125708177
0.35685833571323433
0.35684572050365554
0.3568328917118855
0.35681986284063255
0.35680688679413036
0.3567938558100889
0.35678071322766525
0.3567674310039351
0.35675400739880686
0.35674031652466515
0.3567266213569543
0.35671360546797715
0.35670065062238915
0.3566874352927182
0.35667391342655286
0.3566602230913108
0.35664643970271553
0.3566325917494168
0.3566186252004354
0.356604657880878
0.3565909279868806
0.3565774788637656
0.356564071742921
0.3565503432700405
0.35653596193038195
0.3565216858960678
0.356507317719997
0.3564936335518815
0.35647969323438317
0.35646593385368064
0.35645226456909873
0.356438483620661
0.356424376138525
0.35640997375911854
0.35639541509883155
0.35638070866170096
0.35636568162212534
0.35635016227175437
0.35633458732239104
0.35631915810255654
0.35630415318640385
0.35628889598801844
0.35627360795903656
0.3562582721904343
0.3562426708341518
0.35622704616080886
0.35621063980438006
0.35619404470046906
0.3561774481200404
0.3561609500717773
0.3561455039874075
0.35613043610142553
0.35611582787664636
0.35610216770215364
0.3560887630399335
0.35607547675682893
0.3560623107641707
0.35604936922990615
0.3560367332802479
0.35602428699050764
0.3560119218378923
0.35599981065136105
0.3559881714208336
0.3559768996107022
0.35596599159304787
0.3559551602267249
0.35594404802572466
0.3559331647705903
0.3559220695667516
0.355910629169187
0.3558987240932811
0.35588665203237085
0.35587435229477876
0.35586167119423273
0.35584876894927364
0.3558356623245473
0.3558225175638613
0.3558093228290523
0.3557961011710885
0.35578267001632957
0.35576903167314605
0.35575533292284417
0.3557416746580034
0.3557281164589257
0.3557147021586291
0.35570132448755576
0.3556880837700062
0.3556748631503895
0.35566179930606423
0.35564900854197024
0.35563642343102464
0.3556240639628766
0.3556118719489618
0.3555997295599765
0.3555875807814216
0.3555753793401216
0.35556317400564985
0.35555104463503484
0.35553915125879015
0.35552730275391053
0.35551547290821933
0.35550367764527596
0.35549185669226735
0.35548003188721794
0.35546835275545696
0.355456861697134
0.35544592403580527
0.3554355372146356
0.35542506665837503
0.3554141585114519
0.35540310066712094
0.35539226327217366
0.35538113364087753
0.3553691034731147
0.3553566338562412
0.35534407310573946
0.35533127571284473
0.355318167237225
0.3553044854597419
0.35529068406501724
0.3552768971760929
0.3552630495904546
0.3552490307354763
0.3552348119688966
0.35522004784180966
0.35520541638726855
0.3551917960913453
0.35517830538230605
0.35516446151440345
0.35515028500023754
0.3551360036751382
0.35512192640159784
0.3551079205725444
0.3550939713514512
0.35508001894648544
0.3550660879086366
0.3550522020518941
0.35503820979186224
0.3550239595760427
0.3550099378477727
0.35499592030478816
0.35498185697716333
0.3549677426043315
0.3549533617943391
0.35493922786583176
0.3549246315690326
0.3549101369320312
0.35489567475491623
0.35488125705464485
0.35486671117937285
0.35485176809817054
0.35483660526932925
0.35482154470046207
0.3548063855457072
0.3547909366879352
0.35477530297249515
0.3547601435172324
0.3547451490558996
0.35473006785355776
0.35471484239568657
0.3546989100551675
0.35468266181372454
0.3546667460657727
0.35465092464119746
0.3546353732657532
0.35462014682241766
0.354604946939613
0.35458965130140246
0.35457454018341816
0.35455950085743554
0.3545445083023971
0.3545294287729943
0.35451407068538715
0.354499127688965
0.3544842105563654
0.3544691205200995
0.35445419183053806
0.3544400825487125
0.3544261357241275
0.3544121028921756
0.3543981703534662
0.35438418417158374
0.35437010214196074
0.3543557898981271
0.35434158539811655
0.3543271591988446
0.35431286901128134
0.3542988802062506
0.3542848102053365
0.3542708948266337
0.3542571759935084
0.35424336927861927
0.3542296069364872
0.3542158565172987
0.3542021314868281
0.35418824972219703
0.35417386887443125
0.35415943231099545
0.3541445932583988
0.3541289804920507
0.3541130563248421
0.3540985620454283
0.3540845733067107
0.35407095704497976
0.3540574078099343
0.3540440148498935
0.3540307290083173
0.35401751362996065
0.3540043744958229
0.3539910345376478
0.3539776918094281
0.3539642630931478
0.35395090944507657
0.35393784388919947
0.3539246145296723
0.3539112252882065
0.3538977528413159
0.35388420497618345
0.3538705552002703
0.353856974897076
0.3538434266432979
0.3538300221338499
0.35381665020348413
0.35380338142118567
0.35379031126787397
0.35377738790258384
0.3537645560545312
0.3537516836555437
0.35373882484404473
0.353726050382083
0.35371330572664067
0.35370059397177367
0.35368791388775006
0.3536752058439034
0.35366254224416344
0.3536498283580409
0.3536371347830606
0.353624326523197
0.3536115759213922
0.35359890117935766
0.3535861053662278
0.3535733007670201
0.35356046638059935
0.3535475861130063
0.3535347788100672
0.3535219539626728
0.35350909059906716
0.35349620212458743
0.35348324150303667
0.35347025495806544
0.3534573391096691
0.35344449736836014
0.35343163583885984
0.35341885551699465
0.35340610064764233
0.35339318487898974
0.3533803389826139
0.3533674400457596
0.3533544511848632
0.35334149797024383
0.35332849316564213
0.3533154222417544
0.3533021757339722
0.35328773722730816
0.3532735101186971
0.3532594765312785
0.3532455898964053
0.35323189050143855
0.3532183789977583
0.35320503983198387
0.3531917444077321
0.3531784941444409
0.3531652653414409
0.35315227840950275
0.3531393796547999
0.3531265163138583
0.3531136888265274
0.35310101121120113
0.35308849394368447
0.3530759246371025
0.35306334478504464
0.35305083748213395
0.3530383341261171
0.35302610870546425
0.3530139745275627
0.3530018207990221
0.35298960595742146
0.35297759074538126
0.352965718463446
0.3529538994242864
