0.07597540028744428	0.9971096923363861
0.09167157315234051	0.9957892963251688
0.11536761867364469	0.9933228642096045
0.11385078440936493	0.9934978605358807
0.10614768403939147	0.9943503754578029
0.1057219376555314	0.9943957320394934
0.10981087444549949	0.9939524997974073
0.11148592420796705	0.9937660130551333
0.11937137817429819	0.9928496734515092
0.12925967170080271	0.9916107791224341
0.12281025498096836	0.9924301694686177
0.125131598800059	0.9921401528925947
0.12433296482050255	0.992240552416068
0.11884017861238924	0.9929133959955296
0.11289774033466224	0.9936066124112336
0.10868775536405412	0.994075938665615
0.10329575803719573	0.9946506856035043
0.09492883484757393	0.9954840613060976
0.09139449451417239	0.995814765090626
0.09406002010089055	0.995566528474426
0.09002412776262188	0.9959395847241836
0.08390593902621185	0.9964736792289748
0.08307478621887511	0.9965433156138714
0.08153045622161093	0.9966708507367394
0.07684091506195881	0.9970433660440458
0.07408879195900067	0.9972516487356918
0.06300905303684769	0.9980129554446675
0.05417590927052519	0.9985314070447218
0.04151011686657898	0.9991380836489635
0.03390733404352974	0.9994249810256197
0.034448557887481204	0.9994064722921664
0.03759046577848499	0.9992932286784278
0.03809267379690496	0.9992742107164592
0.04068538886463445	0.9991720067800806
0.03839728799167032	0.9992625522228303
0.03641082396120589	0.9993369061024745
0.03423140259237581	0.9994139338014848
0.037827362736748804	0.9992842891932118
0.045423853073813907	0.9989678040717471
0.04930556204477696	0.9987837411329085
0.05156522465529401	0.9986696288594387
0.057794857635680624	0.9983284802262586
0.05508832228869129	0.9984814854304597
0.050257786735745706	0.9987362789407545
0.05384102960426149	0.998549519819199
0.060270411928285625	0.9981820863179197
0.06353542329596351	0.9979795839527996
0.05816245466827087	0.9983071315316552
0.07137363290702166	0.9974496501205732
0.0635497518416706	0.997978671636254
0.05963852907528681	0.9982200387939206
0.05869722893863028	0.998275831278573
0.05976389279723677	0.9982125410541187
0.05849281930875377	0.9982878292803701
0.05587301359599314	0.9984378830712013
0.05211893648240187	0.9986408846326807
0.04467834120522791	0.9990014243368971
0.03647765511011566	0.9993344688729933
0.030797993371428724	0.9995256292883608
0.015225963192964832	0.9998840783035033
0.0005156553695343527	0.999999867049761
-0.0007006821153575746	0.9999997545222564
-0.01081015975464415	0.9999415685159203
-0.020289569262162306	0.9997941455015406
-0.02747381951495346	0.9996225233763292
-0.04458793271092759	0.9990054635769346
-0.06425191297518347	0.9979337110645323
-0.07829004998741775	0.9969306235004357
-0.09760381776665067	0.9952253487313185
-0.1074635854412141	0.9942090211842372
-0.12365167763424395	0.9923256837441209
-0.14091368512583619	0.9900218852855006
-0.16043414262308076	0.987046546967668
-0.17440546707462262	0.984673922196827
-0.1903016366169937	0.9817256679444079
-0.2032439746043634	0.97912812582778
-0.21897889744609997	0.975729594956149
-0.23136945921719562	0.9728659585685699
-0.2438486044950613	0.9698133109448495
-0.26102581242820383	0.9653318213164819
-0.2832267366594862	0.9590529785372747
-0.30416651807242423	0.9526188793445663
-0.3267330457732849	0.9451166683535491
-0.3399386269184845	0.9404476221080978
-0.3531367118507246	0.9355717304104791
-0.3672716079332678	0.9301137382095332
-0.38257816015471807	0.9239231306621948
-0.3971558466042756	0.9177511827876011
-0.4027410907194168	0.915313942779271
-0.41217815221255416	0.9111032712259596
-0.4256788781636203	0.9048742966210067
-0.43937446489405035	0.8983040017717092
-0.44974709034400584	0.8931559520750566
-0.4609179581748799	0.8874427507348852
-0.4686598602845822	0.883378704383367
-0.4862645954533238	0.8738116176891993
-0.49701880687134115	0.8677397683730929
-0.5084160716069026	0.8611115480190734
-0.5176298273091694	0.8556046761676093
-0.5265960784084021	0.8501156216685423
-0.5331814857667906	0.8460008884366007
-0.536149893553608	0.8441227941730131
-0.5496180611997376	0.835416056107998
-0.5647685904219795	0.8252493194621674
-0.5820070718931174	0.8131837235621479
-0.5925205377340568	0.8055553440722396
-0.5937663801140823	0.8046374872240412
-0.5974472402753912	0.8019082211121911
-0.6015413129366126	0.7988416919706284
-0.6153981948031256	0.788216380084209
-0.6206122655029044	0.7841176033653067
-0.6237807500338821	0.7815993704495722
-0.6327010764123352	0.7743961182151369
-0.6353707272129014	0.7722072513263192
-0.6380151159988113	0.7700238384342547
-0.6415003251250906	0.7671227625774137
-0.6476138002631739	0.7619687432622745
-0.651841553638941	0.758355186538321
-0.652085029135728	0.7581458400446822
-0.6539266907828425	0.7565579178633984
-0.6473791155246825	0.7621681446914977
-0.6446864036022544	0.7644471472969149
-0.6471902054525637	0.762328563000409
-0.6480574116404723	0.7615914857834558
-0.6483138025603156	0.7613732418530246
-0.6577057742917017	0.7532749262144286
-0.6619625501609939	0.7495369118224624
-0.6663376222091473	0.7456501681275609
-0.6715536105530353	0.7409559691055753
-0.6755034162064872	0.7373568570870995
-0.6775638141623149	0.7354639880631926
-0.6835209901264029	0.729930857038269
-0.6915120925528545	0.7223648841500895
-0.6940921148750488	0.7198861966090765
-0.6976830079426294	0.7164066027251041
-0.6951117166370749	0.7189017327798418
-0.6902272042809634	0.7235927075852031
-0.690530257474054	0.7233035071896283
-0.6864150949718696	0.7272099541361896
-0.6915878264644821	0.7222923772864652
-0.6890990618754472	0.7246671531968167
-0.689495618741189	0.7242898533989723
-0.6892671708589683	0.7245072581941976
-0.6871555920253607	0.7265102837181838
-0.6852074533246105	0.7283479566171663
-0.6879532842123187	0.7257549715582281
-0.6882188613394628	0.7255031350012302
-0.6897702119334828	0.7240283521584208
-0.6946786239739152	0.7193202411956081
-0.6962638861282248	0.7177859018353748
-0.6952109261505856	0.718805793076854
-0.6996719002594968	0.7144642972096401
-0.7056832849761512	0.7085274174689843
-0.7065314661389672	0.7076816285276322
-0.7059091603845414	0.7083023770150654
-0.7077918759044185	0.7064210220567506
-0.7079801009342924	0.7062323815013507
-0.7097458571897565	0.7044578186108645
-0.7089453560368842	0.7052634133100452
-0.7114242574942864	0.7027627806370392
-0.7172975694142756	0.6967669602617308
-0.7230091376663635	0.6908384665397125
-0.7272919193904102	0.6863282479902841
-0.7345829344915207	0.678518910829924
-0.7413441797486348	0.6711250309389629
-0.7492257143703301	0.6623147506482613
-0.7507655402759554	0.6605687727512957
-0.7465041184844928	0.6653807940463042
-0.7393764847833567	0.6732922201759103
-0.7361736559035303	0.6767926923021779
-0.7333060573208449	0.6798986882591832
-0.7338408523763588	0.6793214286208991
-0.7318494314154002	0.6814663672823154
-0.7325017698184276	0.6807651263195487
-0.730924375784464	0.6824584653179208
-0.7260960319361632	0.687593304509692
-0.7351822668976146	0.6778694818615782
-0.7187253427772192	0.6952940972349534
-0.7229584692861936	0.6908914905304333
-0.7235501464805041	0.6902718200303712
-0.7237706309018259	0.6900406320239213
-0.7232541591117773	0.6905819439628551
-0.7253893903225935	0.6883387482972434
-0.7133142748353091	0.7008443088990429
-0.715309852004701	0.6988074238479532
-0.7131646670619212	0.7009965461073681
-0.7080652875286219	0.7061469737929987
-0.7058229362632513	0.7083882993420503
-0.7089405943640081	0.7052681998096942
-0.7022283893174227	0.7119517464243333
-0.7007681559618982	0.7133890884992289
-0.6941973695731061	0.7197846984187566
-0.6973851403124822	0.716696564852476
-0.6992334080163086	0.7148934473849222
-0.7048986709038464	0.7093080175480827
-0.7069484232777954	0.7072651036386844
-0.7085493911230722	0.7056612220741079
-0.7045089847771895	0.7096950685810166
-0.7029096160870794	0.711279179796734
-0.7050689670577975	0.7091387393818295
-0.70745373219542	0.706759659858124
-0.7019925724559748	0.7121842656340022
-0.6909058050030136	0.7229447894639935
-0.6968138524033025	0.717252016448102
-0.6926660898926609	0.7212584057831231
-0.6892503595000723	0.7245232514757693
-0.6842786235601847	0.7292206561381671
-0.6818027838182041	0.7315360305396771
-0.6798819548872482	0.7333215716305457
-0.6830026887542432	0.7304158590518653
-0.683782483678693	0.7296859016139738
-0.68567494777402	0.7279078691668986
-0.6924374482047309	0.7214779139542115
-0.6917079875136526	0.7221773051057564
-0.6881936881372399	0.7255270136997404
-0.6945806963126278	0.7194148012863408
-0.6947971274568195	0.7192057783956912
-0.6923388006596892	0.7215725778472345
-0.6888909174140014	0.7248650246111309
-0.6860797890152293	0.7275263040638589
-0.6819848365813016	0.7313663122356507
-0.6814321344627619	0.7318813060336522
